
brad = 5.29177210903*1e-11; % Bohr radius a0