% table for conversion of units

eV2J = 1.602176634*1e-19;
hartree2J = 4.3597447222071*1e-18;